<?xml version="1.0" standalone="no"?>
<xournal version="0.4.8">
<title>Xournal document - see http://math.mit.edu/~auroux/software/xournal/</title>
<page width="612.00" height="792.00">
<background type="solid" color="white" style="lined" />
<layer>
<stroke tool="pen" color="black" width="2.26">
124.86 150.36 125.62 151.12 125.62 151.87 125.62 153.37 125.62 154.12 125.62 154.87 125.62 157.12 124.86 157.87 124.86 159.37 124.86 160.87 123.35 163.12 122.61 165.37 121.87 166.87 120.36 169.86 119.62 172.12 118.11 176.61 117.37 178.87 117.37 180.37 117.37 181.12 116.61 183.37 115.86 185.62 115.12 187.12 115.12 187.87 
</stroke>
<stroke tool="pen" color="black" width="2.26">
128.62 154.12 129.36 154.12 130.12 154.87 130.87 155.62 131.61 157.87 131.61 158.62 131.61 160.11 133.11 163.12 133.86 164.62 133.86 166.87 134.62 168.37 135.36 170.62 136.87 172.87 136.87 173.62 136.87 174.37 136.87 175.12 137.61 176.61 137.61 177.37 137.61 178.12 137.61 178.87 138.36 178.87 138.36 179.62 138.36 180.37 139.12 180.37 139.12 181.12 139.86 181.87 139.86 182.62 139.86 183.37 139.86 184.12 139.86 184.87 139.12 184.87 138.36 184.12 
</stroke>
<stroke tool="pen" color="black" width="2.26">
121.87 171.37 121.87 170.62 123.35 170.62 125.62 171.37 127.87 171.37 130.12 171.37 132.37 172.12 134.62 172.12 137.61 172.12 141.37 172.12 142.87 172.12 143.62 172.12 144.36 172.12 145.12 172.12 
</stroke>
<stroke tool="pen" color="black" width="2.26">
165.37 157.87 164.62 157.12 163.86 157.12 163.12 156.37 162.37 155.62 161.61 155.62 160.87 155.62 160.12 155.62 158.62 155.62 157.85 155.62 156.37 155.62 155.60 155.62 154.12 155.62 153.36 155.62 152.61 155.62 151.87 155.62 151.11 155.62 148.86 156.37 147.37 157.87 145.87 158.62 145.12 158.62 144.36 159.37 143.62 160.11 142.11 162.37 142.11 164.62 141.37 166.12 141.37 166.87 141.37 169.12 141.37 170.62 141.37 172.12 141.37 173.62 142.11 175.12 142.87 177.37 142.87 178.87 143.62 178.87 143.62 179.62 144.36 179.62 144.36 180.37 145.12 181.12 145.87 181.12 146.61 181.12 148.12 181.87 149.62 181.87 150.36 181.87 151.11 181.87 151.87 181.87 152.61 181.87 153.36 181.12 153.36 180.37 154.12 180.37 154.12 179.62 154.12 177.37 154.12 176.61 154.12 175.12 
</stroke>
<stroke tool="pen" color="black" width="2.26">
169.86 153.37 169.86 154.12 169.86 155.62 170.61 157.12 171.37 157.87 171.37 158.62 171.37 160.87 172.11 163.12 172.11 165.37 172.85 168.37 172.85 170.62 172.85 171.37 172.85 173.62 172.85 174.37 172.85 175.12 172.85 175.87 172.85 176.61 172.85 177.37 172.11 175.87 172.11 175.12 
</stroke>
<stroke tool="pen" color="black" width="2.26">
174.36 156.37 176.61 155.62 178.86 155.62 180.37 155.62 181.87 155.62 182.62 155.62 183.36 155.62 184.86 154.87 186.37 154.87 187.86 154.87 188.62 154.87 189.36 154.87 189.36 155.62 
</stroke>
<stroke tool="pen" color="black" width="2.26">
181.11 172.12 183.36 172.12 184.86 172.12 185.61 172.12 187.86 172.12 188.62 172.12 189.36 172.12 190.10 172.12 
</stroke>
<stroke tool="pen" color="black" width="2.26">
172.11 182.62 172.85 182.62 175.87 183.37 178.12 184.12 179.62 184.12 180.37 184.87 182.62 184.87 184.12 184.87 186.37 184.87 187.11 185.62 187.86 185.62 
</stroke>
<stroke tool="pen" color="black" width="2.26">
201.37 154.12 200.61 154.12 200.61 155.62 200.61 156.37 199.87 157.12 199.87 158.62 199.12 159.37 199.12 160.87 199.12 161.62 199.12 162.37 199.12 163.12 199.12 163.87 199.12 164.62 199.12 165.37 199.12 166.87 199.12 167.62 199.12 168.37 199.12 169.12 199.12 170.62 199.12 171.37 199.12 172.12 199.12 175.12 199.12 175.87 199.12 177.37 199.12 178.12 199.12 178.87 199.12 179.62 199.12 180.37 199.12 181.12 199.12 182.62 199.87 183.37 199.87 184.12 199.87 183.37 199.87 182.62 
</stroke>
<stroke tool="pen" color="black" width="2.26">
198.36 156.37 199.12 156.37 200.61 156.37 201.37 156.37 202.11 156.37 203.62 156.37 204.36 156.37 205.11 156.37 205.87 156.37 206.61 156.37 208.12 156.37 208.86 156.37 211.11 156.37 211.87 156.37 211.87 157.12 212.62 157.12 212.62 157.87 212.62 158.62 212.62 159.37 212.62 160.11 212.62 161.62 212.62 162.37 212.62 163.87 212.62 164.62 211.11 165.37 210.37 165.37 209.60 166.12 208.12 166.12 207.35 166.87 206.61 166.87 205.87 167.62 205.11 168.37 204.36 168.37 202.86 168.37 203.62 168.37 204.36 168.37 205.11 168.37 206.61 169.86 207.35 170.62 208.12 171.37 208.86 172.12 210.37 172.87 210.37 173.62 211.11 174.37 211.87 174.37 211.87 175.12 211.87 175.87 211.87 176.61 211.87 177.37 211.87 178.12 211.87 178.87 211.87 181.12 211.11 181.12 209.60 181.12 208.12 181.12 207.35 181.12 206.61 181.12 205.87 181.12 
</stroke>
<stroke tool="pen" color="black" width="2.26">
223.12 154.12 223.12 154.87 223.12 156.37 223.12 157.12 223.12 159.37 223.12 160.11 223.86 163.87 223.86 164.62 223.86 165.37 223.86 168.37 223.86 169.12 223.86 169.86 223.86 171.37 223.86 172.12 223.86 172.87 223.86 173.62 223.86 174.37 223.86 175.12 223.86 175.87 223.86 176.61 223.86 177.37 223.86 178.87 223.86 179.62 
</stroke>
<stroke tool="pen" color="black" width="2.26">
223.12 157.12 223.12 156.37 223.86 156.37 224.60 156.37 225.37 156.37 226.11 156.37 228.36 157.12 229.87 157.12 230.61 157.87 231.37 157.87 232.12 157.87 232.86 157.87 233.62 158.62 233.62 159.37 233.62 160.87 233.62 162.37 232.86 164.62 
</stroke>
<stroke tool="pen" color="black" width="2.26">
221.61 172.87 222.36 172.87 223.12 172.87 223.86 173.62 226.85 173.62 229.12 173.62 230.61 173.62 231.37 173.62 232.12 173.62 232.86 173.62 233.62 174.37 
</stroke>
<stroke tool="pen" color="black" width="2.26">
220.11 181.87 222.36 182.62 222.36 183.37 223.86 183.37 225.37 183.37 226.11 183.37 229.12 184.12 229.87 184.12 231.37 184.12 232.86 184.87 234.36 184.87 235.11 184.87 235.87 184.87 
</stroke>
<stroke tool="pen" color="black" width="2.26">
247.12 158.62 247.12 159.37 247.12 161.62 247.12 163.87 247.12 165.37 247.12 166.87 247.12 169.12 247.12 172.12 247.12 176.61 247.12 179.62 247.12 180.37 247.12 181.87 247.12 184.87 247.12 185.62 247.12 187.12 247.12 187.87 247.12 188.62 247.12 187.87 247.12 186.36 247.12 185.62 
</stroke>
<stroke tool="pen" color="black" width="2.26">
247.12 163.87 248.62 163.87 249.37 165.37 250.11 166.12 250.11 166.87 252.36 169.12 253.12 171.37 253.86 174.37 255.37 175.87 256.11 178.12 256.11 178.87 256.86 180.37 257.62 181.12 257.62 182.62 258.36 184.12 258.36 184.87 259.10 185.62 258.36 185.62 
</stroke>
<stroke tool="pen" color="black" width="2.26">
247.12 177.37 247.86 177.37 248.62 178.12 250.11 178.87 250.87 178.87 251.61 178.87 252.36 178.87 253.12 178.87 253.86 178.87 255.37 178.87 256.11 178.87 256.86 177.37 257.62 175.12 
</stroke>
<stroke tool="pen" color="black" width="2.26">
258.36 162.37 259.10 160.87 259.87 160.87 261.35 161.62 261.35 163.12 262.12 165.37 262.12 166.12 263.62 172.12 264.37 173.62 264.37 175.87 264.37 179.62 264.37 180.37 264.37 181.87 264.37 183.37 264.37 184.12 264.37 184.87 264.37 185.62 264.37 184.87 
</stroke>
<stroke tool="pen" color="black" width="2.26">
262.12 160.87 262.86 160.11 263.62 160.11 264.37 160.11 265.11 160.11 265.87 160.11 267.36 160.11 268.12 160.87 268.86 161.62 269.61 162.37 271.11 162.37 271.86 163.12 273.36 165.37 274.11 166.12 274.87 166.87 275.61 167.62 275.61 169.12 276.35 169.86 276.35 170.62 276.35 171.37 276.35 172.12 276.35 172.87 276.35 173.62 276.35 174.37 276.35 175.12 276.35 175.87 275.61 175.87 274.87 175.12 273.36 175.12 273.36 174.37 272.62 173.62 271.86 172.87 271.11 172.87 270.37 172.87 269.61 172.87 268.86 172.87 268.12 172.87 268.12 173.62 268.86 174.37 269.61 175.12 270.37 175.87 271.11 176.61 272.62 178.12 273.36 178.87 274.11 181.12 274.11 181.87 274.11 182.62 274.87 183.37 274.87 184.12 275.61 184.87 276.35 185.62 276.35 186.36 
</stroke>
<stroke tool="pen" color="black" width="2.26">
287.62 156.37 286.86 156.37 286.11 156.37 285.37 156.37 284.61 156.37 283.87 156.37 283.12 156.37 283.12 157.12 282.36 157.12 282.36 158.62 280.87 158.62 280.87 159.37 280.87 160.11 280.87 160.87 280.11 161.62 280.11 162.37 280.11 163.12 280.11 163.87 280.11 164.62 280.11 166.12 280.11 166.87 281.62 167.62 283.12 168.37 283.12 169.12 283.87 169.86 283.87 171.37 284.61 172.12 284.61 172.87 283.87 172.87 283.12 172.87 281.62 172.87 280.87 172.87 281.62 173.62 282.36 173.62 283.12 174.37 283.12 175.12 283.87 175.12 283.87 175.87 284.61 176.61 284.61 177.37 284.61 178.12 284.61 178.87 284.61 179.62 284.61 180.37 284.61 181.12 284.61 181.87 284.61 182.62 284.61 184.12 284.61 184.87 284.61 185.62 285.37 185.62 285.37 186.36 286.11 187.12 286.11 187.87 287.62 188.62 
</stroke>
<stroke tool="pen" color="black" width="2.26">
312.36 154.12 312.36 155.62 312.36 156.37 312.36 157.12 312.36 157.87 312.36 158.62 311.62 160.11 311.62 161.62 310.11 163.12 310.11 163.87 309.37 165.37 307.86 168.37 307.86 169.12 307.12 170.62 307.12 172.12 307.12 173.62 306.36 174.37 305.61 175.87 304.87 177.37 304.11 178.87 304.11 179.62 303.36 180.37 302.62 182.62 302.62 183.37 302.62 184.12 301.86 184.12 301.86 185.62 301.12 185.62 301.12 186.36 301.12 187.12 301.12 187.87 300.37 187.12 
</stroke>
<stroke tool="pen" color="black" width="2.26">
295.11 155.62 295.87 155.62 296.62 155.62 298.12 157.12 298.12 157.87 298.87 159.37 299.61 160.11 299.61 160.87 300.37 162.37 300.37 163.12 301.86 167.62 304.87 169.86 304.87 170.62 306.36 171.37 306.36 172.87 307.12 173.62 307.12 175.12 308.61 177.37 308.61 178.12 309.37 178.87 309.37 179.62 310.11 180.37 310.11 181.12 310.85 181.12 310.85 181.87 311.62 182.62 312.36 183.37 313.12 184.12 313.87 184.87 
</stroke>
<stroke tool="pen" color="black" width="2.26">
330.37 152.62 329.61 152.62 328.87 153.37 328.10 154.12 328.10 154.87 328.10 155.62 327.36 157.12 327.36 157.87 326.62 157.87 325.86 158.62 325.11 160.11 325.11 161.62 325.11 162.37 325.11 163.12 325.11 163.87 324.37 164.62 324.37 165.37 324.37 166.12 324.37 166.87 324.37 167.62 324.37 168.37 324.37 169.12 324.37 170.62 324.37 171.37 324.37 172.12 324.37 172.87 324.37 173.62 324.37 174.37 324.37 175.87 324.37 176.61 324.37 177.37 324.37 178.12 324.37 178.87 325.11 179.62 325.11 180.37 325.86 181.12 326.62 181.87 327.36 181.87 327.36 183.37 328.10 183.37 328.10 184.12 329.61 184.12 329.61 184.87 330.37 184.87 331.12 184.87 332.62 184.87 333.37 184.87 334.11 184.87 334.87 184.87 335.62 184.87 336.36 184.87 337.86 184.87 338.61 184.87 340.11 184.12 340.86 183.37 340.86 182.62 341.62 182.62 341.62 181.87 342.36 181.12 342.36 180.37 342.36 179.62 342.36 178.87 342.36 178.12 342.36 177.37 342.36 176.61 342.36 175.87 342.36 175.12 342.36 174.37 342.36 173.62 342.36 172.12 342.36 171.37 342.36 169.86 342.36 169.12 342.36 168.37 342.36 167.62 342.36 166.87 342.36 164.62 342.36 163.87 342.36 163.12 342.36 162.37 342.36 161.62 342.36 160.87 342.36 159.37 342.36 158.62 342.36 157.87 342.36 157.12 341.62 156.37 340.86 154.87 340.86 154.12 340.86 153.37 340.11 153.37 339.37 152.62 338.61 152.62 337.86 152.62 337.12 152.62 336.36 152.62 335.62 152.62 334.87 152.62 334.11 152.62 332.62 152.62 331.86 152.62 
</stroke>
<stroke tool="pen" color="black" width="2.26">
327.36 154.87 328.10 154.87 328.10 155.62 329.61 157.12 329.61 157.87 329.61 159.37 330.37 160.11 331.12 161.62 333.37 163.87 333.37 165.37 334.11 166.12 335.62 167.62 335.62 169.12 336.36 170.62 336.36 171.37 337.86 173.62 338.61 174.37 338.61 175.12 339.37 175.12 339.37 175.87 339.37 176.61 340.11 176.61 340.86 177.37 341.62 178.12 341.62 178.87 341.62 179.62 342.36 180.37 343.11 181.12 
</stroke>
<stroke tool="pen" color="black" width="2.26">
349.11 164.62 348.37 165.37 348.37 166.12 348.37 166.87 348.37 167.62 348.37 168.37 348.37 169.12 348.37 169.86 348.37 170.62 348.37 172.12 348.37 172.87 348.37 173.62 348.37 174.37 348.37 175.12 348.37 175.87 348.37 176.61 348.37 177.37 348.37 178.12 348.37 179.62 348.37 180.37 349.87 180.37 349.87 181.12 350.62 181.12 351.36 181.87 352.87 181.87 353.61 181.87 355.11 181.87 355.86 181.87 357.36 181.87 358.11 181.12 358.87 180.37 358.87 179.62 358.87 178.87 358.87 177.37 359.61 175.12 359.61 173.62 359.61 172.87 359.61 172.12 359.61 170.62 359.61 169.86 359.61 169.12 359.61 167.62 359.61 166.87 359.61 166.12 360.36 166.12 360.36 166.87 360.36 167.62 360.36 168.37 361.12 168.37 361.12 169.12 361.12 170.62 361.12 171.37 361.12 172.12 361.86 172.87 361.86 173.62 362.60 174.37 362.60 175.12 362.60 175.87 362.60 176.61 362.60 177.37 363.37 178.12 363.37 178.87 363.37 179.62 364.87 180.37 364.87 181.12 364.87 181.87 365.62 181.87 365.62 182.62 365.62 181.87 
</stroke>
<stroke tool="pen" color="black" width="2.26">
369.37 165.37 369.37 166.12 369.37 166.87 369.37 167.62 369.37 169.12 369.37 169.86 369.37 170.62 369.37 172.12 369.37 172.87 369.37 173.62 369.37 174.37 369.37 175.12 369.37 175.87 369.37 176.61 369.37 177.37 369.37 178.12 369.37 178.87 369.37 179.62 369.37 180.37 369.37 179.62 369.37 178.87 369.37 177.37 369.37 176.61 369.37 175.87 369.37 175.12 369.37 173.62 370.12 172.12 370.12 171.37 370.12 170.62 370.12 169.86 370.86 169.12 371.62 169.12 371.62 168.37 372.36 168.37 373.11 166.87 373.87 166.87 374.61 166.87 374.61 167.62 375.36 167.62 376.12 167.62 376.86 167.62 377.61 167.62 378.37 167.62 
</stroke>
<stroke tool="pen" color="black" width="2.26">
385.12 165.37 385.86 165.37 386.62 165.37 387.37 166.12 387.37 166.87 387.37 167.62 387.37 168.37 387.37 169.12 387.37 169.86 387.37 170.62 387.37 171.37 387.37 172.12 387.37 172.87 387.37 173.62 387.37 174.37 388.11 175.12 388.11 175.87 388.87 176.61 388.87 177.37 388.87 178.12 388.87 178.87 388.87 179.62 388.87 178.87 388.87 178.12 388.87 177.37 388.87 176.61 390.36 175.87 391.86 174.37 391.86 172.87 392.61 172.12 393.37 171.37 393.37 170.62 394.11 169.86 394.11 169.12 394.86 168.37 395.62 167.62 396.36 166.87 397.10 166.87 397.87 166.87 398.61 166.87 400.12 166.87 400.86 166.12 401.62 166.12 402.37 166.12 403.11 166.12 403.87 166.87 403.87 167.62 404.62 168.37 404.62 169.12 405.36 170.62 405.36 172.12 405.36 172.87 405.36 173.62 405.36 174.37 405.36 175.12 405.36 175.87 405.36 176.61 405.36 177.37 406.12 178.12 406.86 178.87 406.86 179.62 
</stroke>
<stroke tool="pen" color="black" width="2.26">
424.11 152.62 423.37 152.62 423.37 153.37 421.87 154.12 421.87 154.87 421.12 154.87 420.36 156.37 419.62 156.37 419.62 157.12 418.87 158.62 418.11 158.62 418.11 159.37 417.37 159.37 417.37 160.11 415.86 160.87 415.86 161.62 415.86 162.37 415.86 163.12 415.86 163.87 415.12 165.37 415.12 166.12 415.12 166.87 414.35 166.87 414.35 167.62 413.61 167.62 413.61 168.37 414.35 168.37 415.12 168.37 416.62 168.37 417.37 168.37 418.11 168.37 418.87 168.37 419.62 168.37 421.87 168.37 422.61 168.37 423.37 168.37 425.62 168.37 426.36 168.37 427.11 168.37 427.87 168.37 429.36 168.37 430.12 168.37 430.86 168.37 430.86 167.62 432.37 167.62 433.11 167.62 433.87 167.62 432.37 166.87 
</stroke>
<stroke tool="pen" color="black" width="2.26">
430.86 152.62 430.86 154.12 430.86 157.12 430.86 157.87 430.86 159.37 430.86 160.11 430.86 160.87 430.86 161.62 430.86 162.37 430.86 163.87 430.86 164.62 431.60 165.37 431.60 166.12 431.60 166.87 432.37 167.62 432.37 168.37 432.37 169.86 432.37 170.62 433.11 170.62 433.11 172.12 433.11 172.87 433.11 173.62 433.11 174.37 433.11 175.12 433.11 175.87 433.11 176.61 433.11 177.37 433.11 178.87 433.11 180.37 433.11 181.12 433.11 181.87 433.11 182.62 433.11 183.37 433.11 184.12 433.11 184.87 433.11 185.62 433.11 187.12 
</stroke>
<stroke tool="pen" color="black" width="2.26">
438.37 178.87 438.37 177.37 439.12 177.37 439.12 176.61 440.62 175.87 440.62 174.37 442.11 174.37 442.87 172.87 443.61 172.12 445.12 169.86 445.12 169.12 445.86 167.62 445.86 166.87 447.37 163.87 447.37 163.12 447.37 162.37 448.11 162.37 448.85 160.87 448.85 160.11 448.85 159.37 448.85 158.62 448.85 157.87 448.85 157.12 448.85 156.37 448.85 155.62 448.85 154.87 448.85 153.37 448.85 152.62 448.85 151.87 448.11 151.87 445.86 151.87 445.12 151.87 443.61 151.87 442.11 151.87 442.11 152.62 441.36 152.62 440.62 153.37 439.86 154.12 439.86 154.87 439.86 155.62 439.86 157.12 439.86 158.62 439.86 159.37 439.86 160.87 439.86 162.37 439.86 163.12 439.86 163.87 439.86 165.37 439.86 166.87 439.86 167.62 439.86 169.12 439.86 169.86 439.86 171.37 439.86 173.62 439.86 175.87 439.86 176.61 439.86 177.37 439.86 178.12 439.86 178.87 439.86 179.62 439.86 181.12 439.86 181.87 439.86 182.62 440.62 183.37 442.11 183.37 442.87 183.37 443.61 183.37 445.12 183.37 445.86 183.37 446.61 183.37 447.37 183.37 448.11 183.37 450.36 183.37 451.12 183.37 451.12 182.62 451.87 182.62 
</stroke>
<stroke tool="pen" color="black" width="2.26">
460.86 183.37 461.61 183.37 463.11 183.37 463.86 183.37 464.62 183.37 466.10 183.37 466.87 183.37 467.61 183.37 468.37 183.37 469.12 183.37 469.86 183.37 471.37 183.37 472.11 183.37 472.87 183.37 473.62 182.62 
</stroke>
<stroke tool="pen" color="black" width="2.26">
479.62 163.87 480.36 163.87 481.11 163.12 481.11 162.37 482.61 160.87 483.35 159.37 484.12 158.62 484.86 157.87 484.86 157.12 485.62 156.37 486.37 155.62 486.37 154.87 487.11 154.87 487.11 155.62 487.11 156.37 487.11 160.11 487.11 160.87 487.11 163.12 487.11 164.62 487.11 165.37 487.11 166.87 487.11 167.62 487.87 168.37 487.87 169.12 487.87 170.62 487.87 171.37 487.87 172.12 487.87 172.87 487.87 173.62 487.87 174.37 487.87 175.12 487.87 175.87 487.87 176.61 487.87 178.12 487.87 178.87 487.87 179.62 487.87 180.37 
</stroke>
<stroke tool="pen" color="black" width="2.26">
495.36 154.87 496.11 154.87 496.87 154.87 498.36 154.87 499.12 154.87 499.86 154.87 501.37 154.87 502.87 154.87 503.62 154.87 504.36 154.87 505.87 154.87 506.61 154.87 508.12 154.87 509.62 154.87 510.36 154.87 511.11 154.87 511.87 154.87 
</stroke>
<stroke tool="pen" color="black" width="2.26">
496.87 154.12 496.11 154.87 496.11 156.37 496.11 157.12 496.11 158.62 496.11 159.37 496.11 160.87 496.11 161.62 496.11 162.37 496.11 163.12 496.11 163.87 496.11 164.62 496.11 165.37 496.11 166.12 496.87 166.87 496.87 167.62 496.87 169.12 498.36 167.62 499.12 166.87 499.86 166.87 500.60 166.87 500.60 166.12 501.37 166.12 502.11 166.12 502.87 166.12 503.62 166.12 505.12 166.12 505.87 166.12 506.61 166.12 507.37 166.12 508.12 166.12 508.86 166.87 508.86 167.62 509.62 167.62 509.62 168.37 509.62 169.86 510.36 170.62 510.36 171.37 510.36 172.87 511.11 174.37 511.87 174.37 512.61 174.37 512.61 175.12 512.61 175.87 512.61 176.61 512.61 177.37 511.87 177.37 511.87 178.12 511.11 178.87 510.36 179.62 509.62 179.62 509.62 180.37 508.12 181.12 507.37 181.12 506.61 181.87 505.12 181.87 504.36 182.62 503.62 182.62 502.87 183.37 502.11 183.37 501.37 183.37 499.86 183.37 499.86 182.62 
</stroke>
<stroke tool="pen" color="black" width="2.26">
516.37 181.87 517.11 181.87 517.85 181.87 519.36 181.87 520.12 181.87 520.87 181.87 521.61 181.87 522.37 181.87 523.12 181.87 524.62 181.87 525.37 181.87 526.11 181.87 526.87 181.87 527.61 181.87 528.36 181.87 
</stroke>
<stroke tool="pen" color="black" width="2.26">
538.12 171.37 538.12 170.62 538.86 170.62 538.86 169.86 539.62 169.86 539.62 169.12 540.37 167.62 541.11 166.87 541.87 166.12 542.62 165.37 543.36 164.62 544.12 163.87 545.61 163.12 546.37 161.62 547.11 161.62 547.11 160.87 547.86 159.37 547.86 160.11 547.11 160.87 547.11 162.37 546.37 164.62 545.61 165.37 544.86 167.62 542.62 169.86 542.62 170.62 542.62 171.37 542.62 172.12 541.87 172.12 541.87 174.37 541.11 175.87 541.11 177.37 540.37 178.12 540.37 178.87 538.86 181.12 538.86 181.87 538.86 182.62 538.86 184.12 538.86 184.87 538.86 186.36 538.86 187.87 538.86 188.62 538.86 190.12 538.86 190.87 538.86 191.62 538.12 192.37 538.12 193.12 538.12 193.87 538.12 194.62 538.12 195.37 538.12 196.11 537.37 196.87 537.37 197.62 536.61 197.62 536.61 199.12 536.61 199.87 535.87 200.62 535.87 202.12 534.36 203.62 533.62 205.12 532.86 206.62 532.11 207.37 531.37 208.12 530.61 208.12 529.12 207.37 527.61 207.37 527.61 205.87 527.61 205.12 527.61 203.62 527.61 202.86 527.61 200.62 527.61 198.37 527.61 197.62 527.61 196.87 528.36 195.37 528.36 193.87 529.12 193.87 529.12 192.37 530.61 191.62 530.61 190.87 532.11 189.37 532.86 188.62 533.62 186.36 535.10 185.62 536.61 184.87 537.37 184.12 538.12 183.37 538.86 182.62 538.86 181.87 540.37 181.12 541.11 179.62 542.62 178.87 544.86 177.37 547.11 175.87 548.62 174.37 549.36 173.62 551.61 171.37 552.35 169.86 553.12 169.86 554.62 168.37 555.37 167.62 556.11 167.62 556.11 166.87 556.87 166.12 557.62 164.62 558.36 164.62 559.12 163.12 559.87 162.37 
</stroke>
<stroke tool="pen" color="black" width="2.26">
559.87 160.87 559.12 160.87 559.12 162.37 557.62 166.12 557.62 167.62 557.62 168.37 557.62 169.12 557.62 169.86 556.87 172.87 556.87 174.37 556.87 176.61 556.87 178.12 556.87 178.87 556.87 179.62 556.87 180.37 556.87 181.87 556.87 183.37 556.87 184.12 556.87 184.87 558.36 184.87 559.12 184.87 560.61 184.87 562.11 183.37 563.62 179.62 564.36 177.37 564.36 175.87 565.11 173.62 565.11 171.37 565.11 169.86 566.61 168.37 566.61 167.62 566.61 165.37 566.61 164.62 566.61 163.87 566.61 163.12 566.61 162.37 566.61 161.62 566.61 160.87 566.61 163.12 566.61 165.37 566.61 167.62 566.61 170.62 566.61 178.87 565.87 181.12 565.87 181.87 565.87 182.62 565.87 181.87 
</stroke>
<stroke tool="pen" color="black" width="2.26">
573.36 160.87 573.36 160.11 573.36 161.62 573.36 162.37 574.12 163.87 574.12 166.12 574.12 167.62 574.12 170.62 574.12 171.37 574.12 172.87 574.12 173.62 574.12 174.37 574.12 175.12 574.12 176.61 574.12 177.37 574.12 178.87 574.12 179.62 574.12 180.37 574.12 181.12 574.12 181.87 574.12 182.62 574.12 183.37 574.12 181.12 574.12 180.37 574.12 179.62 574.12 178.12 574.12 175.87 574.12 172.87 574.12 169.86 574.12 169.12 574.12 167.62 574.12 164.62 574.12 163.87 574.12 160.87 574.87 160.11 575.61 160.11 575.61 159.37 576.37 159.37 577.12 158.62 577.86 157.87 578.62 157.87 580.11 157.87 580.87 157.87 581.61 157.87 582.36 157.87 583.12 157.87 583.86 157.87 585.37 158.62 585.37 159.37 586.11 160.87 586.11 162.37 586.85 163.12 587.62 163.87 587.62 164.62 587.62 166.12 587.62 167.62 587.62 168.37 587.62 169.86 587.62 172.12 587.62 172.87 587.62 173.62 587.62 175.12 587.62 176.61 587.62 178.12 587.62 178.87 587.62 179.62 587.62 180.37 587.62 181.12 587.62 181.87 586.85 181.87 586.85 181.12 
</stroke>
<stroke tool="pen" color="black" width="2.26">
573.36 154.12 574.12 154.12 574.12 155.62 574.12 156.37 574.12 157.12 574.12 157.87 574.12 160.11 574.12 160.87 574.12 161.62 574.12 162.37 574.12 163.87 
</stroke>
<stroke tool="pen" color="black" width="2.26">
597.36 145.87 597.36 145.12 598.12 145.12 598.12 145.87 598.86 146.62 599.61 147.37 599.61 148.12 599.61 149.62 599.61 150.36 599.61 151.87 599.61 152.62 599.61 153.37 599.61 154.12 599.61 155.62 599.61 156.37 599.61 157.12 599.61 158.62 599.61 160.11 599.61 160.87 599.61 161.62 599.61 163.12 599.61 163.87 599.61 164.62 599.61 165.37 599.61 166.87 599.61 167.62 599.61 168.37 599.61 169.12 599.61 169.86 599.61 170.62 599.61 171.37 600.37 171.37 600.37 172.12 601.11 172.12 601.86 172.12 601.86 171.37 601.86 170.62 601.86 169.86 601.86 168.37 600.37 169.12 600.37 169.86 599.61 170.62 599.61 171.37 599.61 172.12 599.61 172.87 599.61 173.62 599.61 174.37 599.61 175.87 599.61 176.61 599.61 177.37 599.61 178.12 599.61 178.87 599.61 179.62 599.61 181.12 598.86 183.37 598.86 184.87 598.86 185.62 598.86 186.36 598.86 187.12 598.86 187.87 598.12 188.62 598.12 190.87 597.36 191.62 597.36 192.37 597.36 193.12 596.61 193.87 595.87 193.87 594.37 193.87 593.62 193.87 592.86 193.87 592.12 193.87 
</stroke>
</layer>
</page>
</xournal>
